59396374
87982222
87414447
94462983
16798485
64171641
12797775
54685867
12612566
68137192
99187678
72281631
59913837
78948584
18756276
57684431
65168428
75416121
88532278
33584913
72229281
93823674
59746432
36541655
31482728
48582445
14413512
32366399
21248669
89169682
72475813
42888911
11658228
43113272
19635534
33392381
41929564
42554887
24696739
46844892
79381693
84387188
87629716
72281667
87254156
61762146
89974135
14912735
71218397
42192634
25422949
63766934
67658359
24459275
86174476
14356833
26146331
34838637
26449199
76921127
41951915
66138595
25494452
67383326
92176882
42978834
41953736
13457133
44865899
62983723
72942366
95146646
91472934
67645987
19212263
14523158
12625448
23879169
74135547
75416488
33563413
69269288
69252135
79838254
19419417
48197926
26694231
94237315
65721591
29631978
53663419
35862835
83935895
15844726
19682638
81417251
52575327
66664951
35719637
91147368